1,acremencv@answers.com,51,20,58,11,43,17,2019-03-21T21:49:35.227803
2,cbarroux59@mac.com,1,33,50,19,14,9,2019-03-21T21:49:35.227864
3,eoldridgeop@usa.gov,19,3,8,57,15,26,2019-03-21T21:49:35.227870
4,bbatrim1b@theglobeandmail.com,35,21,24,28,47,8,2019-03-21T21:49:35.227875
5,kpalfrie3v@mediafire.com,36,5,22,8,29,26,2019-03-21T21:49:35.227879
6,hroscampsht@netscape.com,7,41,28,47,31,17,2019-03-21T21:49:35.227883
7,eeverexdn@buzzfeed.com,64,52,69,27,47,18,2019-03-21T21:49:35.227886
8,nstokesbs@pcworld.com,66,54,23,11,15,18,2019-03-21T21:49:35.227890
9,odecullipqx@google.es,16,48,28,14,15,4,2019-03-21T21:49:35.227894
10,croskruge6k@telegraph.co.uk,1,19,3,4,38,11,2019-03-21T21:49:35.227897
11,cstobbsmx@spiegel.de,33,50,3,7,30,17,2019-03-21T21:49:35.227954
12,bmeynelleg@oaic.gov.au,8,42,14,30,63,2,2019-03-21T21:49:35.228013
13,dcutresskf@si.edu,35,4,20,9,58,20,2019-03-21T21:49:35.228054
14,dheighway2t@cornell.edu,19,37,25,26,60,10,2019-03-21T21:49:35.228083
15,ibithany9q@reverbnation.com,19,3,4,39,11,2,2019-03-21T21:49:35.228090
16,dbreston3w@adobe.com,49,4,56,58,62,2,2019-03-21T21:49:35.228097
17,jcrabp3@altervista.org,48,67,54,7,30,21,2019-03-21T21:49:35.228102
18,mashforthme@ftc.gov,65,23,25,62,47,13,2019-03-21T21:49:35.228107
19,cdomanski5p@delicious.com,65,52,44,13,30,24,2019-03-21T21:49:35.228111
20,aruckmanj9@cnet.com,64,35,59,45,30,7,2019-03-21T21:49:35.228116
21,msimand9@samsung.com,53,25,42,45,30,10,2019-03-21T21:49:35.228120
22,rpaffia@illinois.edu,48,33,66,35,57,22,2019-03-21T21:49:35.228125
23,ledmondson3u@1und1.de,54,56,9,43,29,21,2019-03-21T21:49:35.228129
24,gbolensnz@imgur.com,48,66,51,59,30,4,2019-03-21T21:49:35.228134
25,jbruyet5n@disqus.com,18,50,53,26,59,2,2019-03-21T21:49:35.228138
26,iaxellj7@dagondesign.com,49,21,39,13,45,10,2019-03-21T21:49:35.228142
27,rshotboulteie@yahoo.com,67,37,53,23,27,16,2019-03-21T21:49:35.228146
28,dbeckworth8l@wsj.com,18,68,53,55,12,25,2019-03-21T21:49:35.228158
29,ctrain70@ed.gov,50,3,37,8,30,3,2019-03-21T21:49:35.228165
30,mchappeln5@phpbb.com,1,3,51,11,29,4,2019-03-21T21:49:35.228169
31,rekinsqh@shinystat.com,50,3,54,59,29,17,2019-03-21T21:49:35.228174
32,cboyenpc@fema.gov,52,39,60,13,45,19,2019-03-21T21:49:35.228179
33,mkarpmanm1@washingtonpost.com,50,39,55,10,60,18,2019-03-21T21:49:35.228184
34,adrakers6d@barnesandnoble.com,16,67,4,27,14,11,2019-03-21T21:49:35.228188
35,rcory9z@mozilla.com,37,56,9,13,63,16,2019-03-21T21:49:35.228193
36,lcrummiejr@abc.net.au,34,20,23,24,43,9,2019-03-21T21:49:35.228198
37,tewbankhv@usnews.com,49,68,5,8,28,19,2019-03-21T21:49:35.228202
38,kseebright9f@bigcartel.com,36,39,9,61,46,23,2019-03-21T21:49:35.228207
39,rzavattero3m@a8.net,16,3,37,55,58,19,2019-03-21T21:49:35.228211
40,rtebbsjb@free.fr,66,35,20,4,57,2,2019-03-21T21:49:35.228216
41,clindsaya6@virginia.edu,3,54,8,58,13,14,2019-03-21T21:49:35.228221
42,ddowdleam@sciencedaily.com,19,5,38,45,47,21,2019-03-21T21:49:35.228224
43,jrattery8f@icq.com,42,28,61,62,31,10,2019-03-21T21:49:35.228229
44,rwinspearef0@gov.uk,50,2,37,11,63,18,2019-03-21T21:49:35.228233
45,bstirleyct@usatoday.com,4,52,11,14,63,18,2019-03-21T21:49:35.228237
46,ctother99@seesaa.net,16,40,57,45,13,16,2019-03-21T21:49:35.228250
47,cfeld7c@paypal.com,37,42,61,14,15,1,2019-03-21T21:49:35.228257
48,wgarcesm8@yale.edu,35,52,56,11,15,9,2019-03-21T21:49:35.228262
49,phartmanag@123-reg.co.uk,65,51,67,5,60,20,2019-03-21T21:49:35.228267
50,ccramer3f@ca.gov,66,37,10,27,45,12,2019-03-21T21:49:35.228273
51,cdomanski5p@delicious.com,32,17,54,57,29,5,2019-03-21T21:49:35.228278
52,blecky13@sfgate.com,1,7,58,60,45,12,2019-03-21T21:49:35.228282
53,jrattery8f@icq.com,34,38,27,43,63,7,2019-03-21T21:49:35.228287
54,tbaudinotq4@unesco.org,65,52,37,53,24,24,2019-03-21T21:49:35.228291
55,jcastelaingw@istockphoto.com,21,7,42,11,45,8,2019-03-21T21:49:35.228296
56,ibithany9q@reverbnation.com,16,3,52,6,9,6,2019-03-21T21:49:35.228301
57,rleonards5m@wikipedia.org,3,20,4,38,42,4,2019-03-21T21:49:35.228305
58,lminney2k@comsenz.com,48,49,68,44,47,13,2019-03-21T21:49:35.228310
59,smcgarrell4k@newyorker.com,20,8,13,46,63,11,2019-03-21T21:49:35.228314
60,kkleiserb4@icio.us,51,24,56,58,60,23,2019-03-21T21:49:35.228320
61,ljovicevic5b@about.com,21,22,55,40,57,9,2019-03-21T21:49:35.228324
62,emarch9m@typepad.com,48,39,56,42,43,5,2019-03-21T21:49:35.228328
63,edenzey81@mapquest.com,2,3,24,12,45,15,2019-03-21T21:49:35.228333
64,mmaccracken6f@wiley.com,49,17,53,27,31,4,2019-03-21T21:49:35.228345
65,strusler72@howstuffworks.com,5,53,6,59,61,3,2019-03-21T21:49:35.228352
66,mpierrogx@google.com.au,11,43,45,30,63,26,2019-03-21T21:49:35.228360
67,gbiltonqm@reddit.com,7,8,24,57,27,17,2019-03-21T21:49:35.228364
68,croskruge6k@telegraph.co.uk,17,33,34,3,69,6,2019-03-21T21:49:35.228369
69,skenforthak@wunderground.com,49,18,20,39,45,20,2019-03-21T21:49:35.228373
70,wambrogiim@reuters.com,50,36,54,26,59,21,2019-03-21T21:49:35.228377
71,dbirley3n@time.com,52,36,55,12,29,16,2019-03-21T21:49:35.228381
72,dboncoregu@networksolutions.com,16,50,52,20,31,21,2019-03-21T21:49:35.228386
73,bdidomenicofu@nhs.uk,19,4,40,11,46,9,2019-03-21T21:49:35.228390
74,kkann4l@bluehost.com,32,37,58,11,45,18,2019-03-21T21:49:35.228394
75,npeppardc3@stanford.edu,4,55,43,30,47,23,2019-03-21T21:49:35.228398
76,crockeyri@wiley.com,32,35,53,41,29,21,2019-03-21T21:49:35.228403
77,asametbu@google.co.jp,66,34,20,6,23,22,2019-03-21T21:49:35.228407
78,acalcraft3z@tinypic.com,64,49,5,29,63,3,2019-03-21T21:49:35.228411
79,skainci@answers.com,50,35,5,21,63,7,2019-03-21T21:49:35.228415
80,jmessernv@si.edu,4,6,24,41,13,12,2019-03-21T21:49:35.228420
81,jgreenlees8u@angelfire.com,18,50,55,40,28,25,2019-03-21T21:49:35.228434
82,tromainpb@wisc.edu,16,3,52,9,30,8,2019-03-21T21:49:35.228439
83,mgoddene1@unesco.org,16,3,10,28,62,12,2019-03-21T21:49:35.228443
84,mkarpmanm1@washingtonpost.com,19,68,53,6,23,26,2019-03-21T21:49:35.228447
85,fsanter1@ed.gov,32,18,38,57,27,20,2019-03-21T21:49:35.228451
86,ecausby8a@cyberchimps.com,17,3,35,53,54,9,2019-03-21T21:49:35.228455
87,dtrencherjf@ustream.tv,18,50,23,41,42,23,2019-03-21T21:49:35.228460
88,ybramwellat@stumbleupon.com,18,54,22,47,15,24,2019-03-21T21:49:35.228464
89,estripling4y@smh.com.au,33,69,5,38,26,17,2019-03-21T21:49:35.228473
90,rschoolinges@51.la,2,3,36,52,13,16,2019-03-21T21:49:35.228478
91,tdelucei@purevolume.com,64,36,68,43,46,1,2019-03-21T21:49:35.228482
92,iambrose23@ibm.com,35,52,5,63,47,19,2019-03-21T21:49:35.228488
93,clamasna6i@theglobeandmail.com,69,27,44,61,46,16,2019-03-21T21:49:35.228492
94,fpoytheras33@unicef.org,64,49,37,56,44,26,2019-03-21T21:49:35.228496
95,aniaskj@google.ru,69,38,43,11,31,20,2019-03-21T21:49:35.228500
96,rhansedhc@accuweather.com,48,68,69,25,43,10,2019-03-21T21:49:35.228505
97,asnaddin1u@google.pl,51,67,44,28,60,20,2019-03-21T21:49:35.228509
98,jtoffalo9y@eepurl.com,48,19,3,53,13,26,2019-03-21T21:49:35.228513
99,gderle2b@si.edu,64,37,22,11,61,4,2019-03-21T21:49:35.228517
100,mjewesi4@tinypic.com,51,57,60,45,47,3,2019-03-21T21:49:35.228533
101,rgawen1n@nyu.edu,9,25,26,12,63,21,2019-03-21T21:49:35.228537
102,mspinkgn@example.com,1,35,11,27,60,19,2019-03-21T21:49:35.228541
103,jpetken9x@pbs.org,69,56,12,45,14,2,2019-03-21T21:49:35.228546
104,ifranzelq7@cafepress.com,50,51,7,58,47,23,2019-03-21T21:49:35.228551
105,vyurikovbv@columbia.edu,53,23,8,44,13,2,2019-03-21T21:49:35.228556
106,acleiment5r@amazon.de,66,67,37,10,43,21,2019-03-21T21:49:35.228560
107,destickch@etsy.com,18,35,21,54,12,26,2019-03-21T21:49:35.228564
108,ahedlingp0@wsj.com,3,52,23,57,45,21,2019-03-21T21:49:35.228569
109,esiebnt@cbslocal.com,48,2,20,24,44,10,2019-03-21T21:49:35.228574
110,vswensonkw@artisteer.com,67,22,27,29,30,6,2019-03-21T21:49:35.228578
111,hsquibbma@un.org,53,22,38,24,40,1,2019-03-21T21:49:35.228583
112,asmittono2@topsy.com,1,65,3,41,60,25,2019-03-21T21:49:35.228588
113,ctother99@seesaa.net,50,19,4,41,60,1,2019-03-21T21:49:35.228594
114,glezemere7p@prweb.com,48,53,13,63,47,2,2019-03-21T21:49:35.228598
115,rgawen1n@nyu.edu,22,55,57,61,15,24,2019-03-21T21:49:35.228602
116,kgillinoo7@shareasale.com,64,66,19,57,60,3,2019-03-21T21:49:35.228617
117,cstobbsmx@spiegel.de,49,66,36,5,7,5,2019-03-21T21:49:35.228621
118,jfaulknerfr@mashable.com,35,6,23,12,29,13,2019-03-21T21:49:35.228625
119,gwarhamen@bloglovin.com,67,35,36,55,26,7,2019-03-21T21:49:35.228630
120,lsherwinhk@discovery.com,67,35,69,54,7,26,2019-03-21T21:49:35.228636
121,kcullagh48@ox.ac.uk,16,66,69,22,31,4,2019-03-21T21:49:35.228641
122,weake14@gmpg.org,66,6,23,42,31,13,2019-03-21T21:49:35.228646
123,vmoulandet@skype.com,49,7,59,12,46,25,2019-03-21T21:49:35.228650
124,sharwickl8@creativecommons.org,4,52,38,11,29,11,2019-03-21T21:49:35.228654
125,dcollieje@umich.edu,65,50,22,61,31,21,2019-03-21T21:49:35.228659
126,lsellnerh0@auda.org.au,32,68,5,27,31,9,2019-03-21T21:49:35.228664
127,npoyzer5w@sina.com.cn,17,49,35,42,28,15,2019-03-21T21:49:35.228668
128,mfilyukovif@yellowbook.com,67,19,6,57,62,17,2019-03-21T21:49:35.228675
129,ahallam2h@businessweek.com,52,20,23,59,61,19,2019-03-21T21:49:35.228681
130,askehanfb@rambler.ru,64,17,2,54,7,12,2019-03-21T21:49:35.228686
131,mchappeln5@phpbb.com,65,49,66,37,8,10,2019-03-21T21:49:35.228690
132,sbride3t@dion.ne.jp,3,68,22,27,29,8,2019-03-21T21:49:35.228694
133,jbruyet5n@disqus.com,33,2,4,57,26,10,2019-03-21T21:49:35.228698
134,lstannionkx@globo.com,50,3,69,27,59,21,2019-03-21T21:49:35.228709
135,rzavattero3m@a8.net,32,34,20,21,58,5,2019-03-21T21:49:35.228718
136,lramsden4m@soundcloud.com,49,51,54,55,43,5,2019-03-21T21:49:35.228722
137,pferranek@discovery.com,51,22,6,8,47,13,2019-03-21T21:49:35.228726
138,gsooperji@ft.com,22,55,23,24,62,10,2019-03-21T21:49:35.228730
139,ctother99@seesaa.net,68,55,60,29,31,3,2019-03-21T21:49:35.228735
140,ebifordep@amazon.co.jp,48,18,67,8,59,11,2019-03-21T21:49:35.228746
141,fpoytheras33@unicef.org,4,21,57,45,62,20,2019-03-21T21:49:35.228759
142,gmckennanbn@pinterest.com,16,33,3,8,63,11,2019-03-21T21:49:35.228767
143,dmacswaydekq@mtv.com,64,49,21,26,13,23,2019-03-21T21:49:35.228771
144,jkiossel2x@networkadvertising.org,64,16,34,38,13,2,2019-03-21T21:49:35.228775
145,rbachelorip@amazonaws.com,64,19,36,40,59,13,2019-03-21T21:49:35.228780
146,esantoragj@stumbleupon.com,48,25,10,30,15,21,2019-03-21T21:49:35.228784
147,sskarrix@aol.com,16,6,12,14,30,21,2019-03-21T21:49:35.228790
148,gbiltonqm@reddit.com,17,19,21,27,47,22,2019-03-21T21:49:35.228795
149,hahmadgy@list-manage.com,33,7,57,12,46,15,2019-03-21T21:49:35.228799
150,tbugg53@zdnet.com,17,25,26,10,15,10,2019-03-21T21:49:35.228804
151,jassel5u@wsj.com,35,52,39,58,63,18,2019-03-21T21:49:35.228808
152,wstathorr0@kickstarter.com,16,33,56,45,61,22,2019-03-21T21:49:35.228813
153,echessern4@ftc.gov,33,66,28,29,46,1,2019-03-21T21:49:35.228825
154,awathall4@sciencedaily.com,16,17,37,54,42,7,2019-03-21T21:49:35.228832
155,dcoakley54@alibaba.com,49,2,7,24,47,25,2019-03-21T21:49:35.228835
156,clindsaya6@virginia.edu,32,68,52,37,61,8,2019-03-21T21:49:35.228840
157,gmauchlinepu@clickbank.net,48,51,20,44,28,11,2019-03-21T21:49:35.228845
158,omoorcroftmd@house.gov,64,49,50,28,31,20,2019-03-21T21:49:35.228850
159,gfranzewitchjk@jimdo.com,48,65,35,29,14,5,2019-03-21T21:49:35.228854
160,jtoffalo9y@eepurl.com,48,54,7,28,30,24,2019-03-21T21:49:35.228859
161,hferrierioo6@about.com,51,36,52,30,15,1,2019-03-21T21:49:35.228864
162,bstoite5d@cornell.edu,24,9,60,13,14,22,2019-03-21T21:49:35.228869
163,cpaggittdw@yolasite.com,18,67,25,9,59,6,2019-03-21T21:49:35.228873
164,peallesg1@msn.com,3,5,8,41,10,9,2019-03-21T21:49:35.228877
165,sdrewett94@ifeng.com,33,4,25,43,45,26,2019-03-21T21:49:35.228883
166,kponton1c@sitemeter.com,32,33,34,41,31,14,2019-03-21T21:49:35.228889
167,awiltshawfy@goodreads.com,68,37,6,39,12,9,2019-03-21T21:49:35.228893
168,srappaportko@wunderground.com,64,7,10,60,63,7,2019-03-21T21:49:35.228906
169,jdonisthorpeig@census.gov,66,52,37,5,69,9,2019-03-21T21:49:35.228912
170,zsermin8o@shop-pro.jp,66,35,20,23,24,26,2019-03-21T21:49:35.228916
171,tmccamishi3@dot.gov,18,3,52,9,47,8,2019-03-21T21:49:35.228919
172,kdanielliqg@bloomberg.com,54,25,12,14,46,16,2019-03-21T21:49:35.228924
173,acalcraft3z@tinypic.com,64,2,67,23,14,3,2019-03-21T21:49:35.228927
174,rllorentefw@sogou.com,18,50,4,52,53,22,2019-03-21T21:49:35.228932
175,dboncoregu@networksolutions.com,17,56,10,13,62,20,2019-03-21T21:49:35.228936
176,dbartzenz@deviantart.com,65,17,67,36,28,23,2019-03-21T21:49:35.228940
177,mbulfordkt@unblog.fr,48,49,35,56,11,13,2019-03-21T21:49:35.228944
178,aberridge6r@nifty.com,52,6,24,26,27,13,2019-03-21T21:49:35.228948
179,nisaaksohnmu@163.com,35,19,23,9,62,13,2019-03-21T21:49:35.228952
180,tbrinkler8g@umich.edu,17,1,66,3,21,7,2019-03-21T21:49:35.228956
181,clinsterkp@marketwatch.com,18,67,8,58,31,20,2019-03-21T21:49:35.228960
182,wwillavize46@state.gov,19,51,5,9,30,11,2019-03-21T21:49:35.228970
183,vduttf2@mayoclinic.com,54,39,8,12,15,10,2019-03-21T21:49:35.228975
184,vmoulandet@skype.com,1,19,5,38,57,23,2019-03-21T21:49:35.228979
185,ocorki6@phpbb.com,48,4,21,9,14,5,2019-03-21T21:49:35.228983
186,flysjn@google.es,1,66,69,13,46,2,2019-03-21T21:49:35.228988
187,jpatelna@nyu.edu,48,1,67,56,57,3,2019-03-21T21:49:35.229002
188,bbaxster39@myspace.com,35,37,9,44,13,5,2019-03-21T21:49:35.229007
189,gbolensnz@imgur.com,48,20,11,44,13,12,2019-03-21T21:49:35.229011
190,nbartlesh3@go.com,64,21,57,58,13,18,2019-03-21T21:49:35.229015
191,tnana17@msu.edu,64,1,18,2,62,22,2019-03-21T21:49:35.229019
192,ufourcade9o@state.tx.us,48,52,11,45,46,21,2019-03-21T21:49:35.229023
193,ifranzelq7@cafepress.com,33,41,57,46,31,21,2019-03-21T21:49:35.229028
194,aderlecx@ted.com,67,36,54,41,26,2,2019-03-21T21:49:35.229036
195,gfranzewitchjk@jimdo.com,21,55,8,58,30,18,2019-03-21T21:49:35.229041
196,kdmitrovicf3@usda.gov,22,56,57,27,28,15,2019-03-21T21:49:35.229045
197,rstubbspr@rediff.com,22,58,10,59,14,15,2019-03-21T21:49:35.229049
198,jkiossel2x@networkadvertising.org,48,2,7,57,61,7,2019-03-21T21:49:35.229053
199,csalewayni@home.pl,18,40,57,43,15,25,2019-03-21T21:49:35.229057
200,nstokesbs@pcworld.com,1,34,37,57,58,14,2019-03-21T21:49:35.229062
201,amaccleaykl@mit.edu,3,5,7,29,62,2,2019-03-21T21:49:35.229065
202,lmyerscough47@unesco.org,3,20,53,23,15,26,2019-03-21T21:49:35.229069
203,bthextong8@nasa.gov,6,9,26,58,31,18,2019-03-21T21:49:35.229073
204,hparbrookf@networkadvertising.org,37,38,40,12,45,15,2019-03-21T21:49:35.229077
205,edobsond@latimes.com,69,54,8,25,12,1,2019-03-21T21:49:35.229081
206,ltock3j@hubpages.com,66,51,5,44,13,10,2019-03-21T21:49:35.229093
207,cseakinc@imgur.com,17,34,52,68,54,4,2019-03-21T21:49:35.229098
208,ncarnilianal@chron.com,49,54,41,61,15,10,2019-03-21T21:49:35.229102
209,mfilyukovif@yellowbook.com,64,67,69,6,22,9,2019-03-21T21:49:35.229107
210,gmauchlinepu@clickbank.net,20,38,26,45,63,23,2019-03-21T21:49:35.229112
211,jcocklin4u@github.io,17,21,55,58,46,10,2019-03-21T21:49:35.229132
212,rzavattero3m@a8.net,18,53,38,13,14,12,2019-03-21T21:49:35.229136
213,tbennionng@fda.gov,48,67,58,27,45,8,2019-03-21T21:49:35.229140
214,sgarms8h@barnesandnoble.com,2,3,36,9,58,5,2019-03-21T21:49:35.229145
215,jcadge9j@liveinternet.ru,35,68,54,40,12,20,2019-03-21T21:49:35.229150
216,tkalfiu@hhs.gov,17,7,43,44,13,2,2019-03-21T21:49:35.229154
217,driteleyg6@dedecms.com,64,34,36,37,13,21,2019-03-21T21:49:35.229159
218,ncondie8j@cafepress.com,18,3,36,52,55,10,2019-03-21T21:49:35.229165
219,fponderbx@xrea.com,33,17,53,8,59,22,2019-03-21T21:49:35.229170
220,gscrigmourh8@si.edu,16,33,38,43,61,15,2019-03-21T21:49:35.229174
221,dlinebargerpw@furl.net,36,53,11,30,62,2,2019-03-21T21:49:35.229179
222,ksangebp@360.cn,65,21,23,41,30,12,2019-03-21T21:49:35.229183
223,eschops6o@comcast.net,1,17,53,27,47,6,2019-03-21T21:49:35.229188
224,btchirir@goo.ne.jp,3,68,53,56,30,10,2019-03-21T21:49:35.229192
225,sdooland7z@mapquest.com,49,51,35,27,28,7,2019-03-21T21:49:35.229210
226,nturkx@comsenz.com,16,33,55,9,57,18,2019-03-21T21:49:35.229214
227,ndeveraux3l@last.fm,16,68,59,28,15,21,2019-03-21T21:49:35.229219
228,lteaseyu@storify.com,35,53,57,25,27,18,2019-03-21T21:49:35.229223
229,kbarrowskr@wordpress.com,32,66,3,19,36,10,2019-03-21T21:49:35.229227
230,kgillinoo7@shareasale.com,18,4,39,57,42,22,2019-03-21T21:49:35.229232
231,ohainingq6@clickbank.net,53,55,23,27,28,15,2019-03-21T21:49:35.229241
232,mthaine5v@taobao.com,50,20,54,45,61,23,2019-03-21T21:49:35.229245
233,umarikhinb9@illinois.edu,18,53,41,59,60,11,2019-03-21T21:49:35.229248
234,mhargrevesdj@usgs.gov,67,37,28,14,46,13,2019-03-21T21:49:35.229252
235,tkalfiu@hhs.gov,66,37,9,12,13,1,2019-03-21T21:49:35.229256
236,cbenmorejt@tumblr.com,51,21,8,57,61,24,2019-03-21T21:49:35.229259
237,cunsworthk6@globo.com,42,43,11,60,14,7,2019-03-21T21:49:35.229263
238,afilinkovd5@gizmodo.com,1,36,53,38,9,15,2019-03-21T21:49:35.229267
239,driteleyg6@dedecms.com,17,2,35,24,41,25,2019-03-21T21:49:35.229271
240,clappinga2@merriam-webster.com,32,67,41,43,59,23,2019-03-21T21:49:35.229275
241,cchad6h@bloglines.com,1,50,2,59,30,9,2019-03-21T21:49:35.229279
242,jmaffezzoli9g@dagondesign.com,49,19,68,22,41,10,2019-03-21T21:49:35.229283
243,csall1q@ebay.co.uk,2,38,25,9,27,11,2019-03-21T21:49:35.229287
244,cboyenpc@fema.gov,32,22,43,29,45,25,2019-03-21T21:49:35.229300
245,dgravellsdr@newyorker.com,66,50,38,55,56,10,2019-03-21T21:49:35.229305
246,dalcorn9n@homestead.com,35,21,9,10,12,4,2019-03-21T21:49:35.229311
247,lailmerkb@naver.com,67,20,68,39,25,12,2019-03-21T21:49:35.229316
248,sharwickl8@creativecommons.org,65,1,68,10,59,13,2019-03-21T21:49:35.229320
249,tkoschkebg@sakura.ne.jp,17,33,36,53,47,18,2019-03-21T21:49:35.229323
250,hperroniba@fastcompany.com,6,56,11,29,63,13,2019-03-21T21:49:35.229327
251,apattonq1@nih.gov,17,68,53,39,15,13,2019-03-21T21:49:35.229331
252,cshipley9d@ustream.tv,33,4,52,28,62,1,2019-03-21T21:49:35.229334
253,adrakers6d@barnesandnoble.com,52,21,8,59,15,12,2019-03-21T21:49:35.229339
254,ccone1g@qq.com,48,49,53,21,41,24,2019-03-21T21:49:35.229344
255,sfenck10@ibm.com,36,20,39,56,12,7,2019-03-21T21:49:35.229362
256,lmcgahyl3@de.vu,64,1,17,34,62,10,2019-03-21T21:49:35.229378
257,ogiacomazzo8x@e-recht24.de,51,68,52,4,29,3,2019-03-21T21:49:35.229385
258,omccarrick3x@lycos.com,34,23,56,25,46,10,2019-03-21T21:49:35.229389
259,cpresdee63@bbc.co.uk,6,43,11,59,30,17,2019-03-21T21:49:35.229393
260,smcgarrell4k@newyorker.com,68,39,23,43,63,5,2019-03-21T21:49:35.229398
261,hroscampsht@netscape.com,66,53,6,7,29,21,2019-03-21T21:49:35.229403
262,emycock7q@bandcamp.com,48,50,35,46,63,11,2019-03-21T21:49:35.229407
263,rkosiadahu@xrea.com,2,21,44,45,62,20,2019-03-21T21:49:35.229413
264,chayward65@google.com.au,64,22,42,61,46,13,2019-03-21T21:49:35.229417
265,fsanter1@ed.gov,4,24,42,59,60,7,2019-03-21T21:49:35.229421
266,jgreenlees8u@angelfire.com,66,50,52,58,15,22,2019-03-21T21:49:35.229425
267,jsent6j@google.nl,52,22,9,60,45,17,2019-03-21T21:49:35.229430
268,wbokenk2@gmpg.org,50,35,7,41,11,15,2019-03-21T21:49:35.229437
269,omoorcroftmd@house.gov,16,50,59,11,63,10,2019-03-21T21:49:35.231339
270,twynrahame85@wikia.com,2,3,5,8,57,21,2019-03-21T21:49:35.231385
271,sdufourefc@salon.com,64,1,18,56,42,24,2019-03-21T21:49:35.231402
272,mrufflij3@hp.com,48,36,41,44,62,19,2019-03-21T21:49:35.231405
273,hfidelea1@miibeian.gov.cn,50,52,57,11,14,14,2019-03-21T21:49:35.231407
274,skillich4t@wix.com,34,5,39,23,10,12,2019-03-21T21:49:35.231409
275,rstannard0@list-manage.com,48,64,5,55,25,22,2019-03-21T21:49:35.231418
276,strusler72@howstuffworks.com,66,51,25,59,61,26,2019-03-21T21:49:35.231420
277,erivelesel@nytimes.com,51,19,52,5,10,24,2019-03-21T21:49:35.231423
278,llamyman7s@reference.com,32,66,55,43,44,9,2019-03-21T21:49:35.231425
279,jaberdeen84@google.com,48,64,22,7,42,3,2019-03-21T21:49:35.231427
280,srefordp6@unc.edu,33,17,66,43,12,12,2019-03-21T21:49:35.231429
281,nmillhouse24@imdb.com,35,25,12,47,31,14,2019-03-21T21:49:35.231431
282,ascarsbrooke75@elegantthemes.com,64,51,29,46,63,7,2019-03-21T21:49:35.231433
283,bmaddisong4@google.pl,16,18,66,51,54,23,2019-03-21T21:49:35.231435
284,tbugg53@zdnet.com,66,50,60,29,15,6,2019-03-21T21:49:35.231437
285,dmacevilly27@smugmug.com,16,55,26,59,62,6,2019-03-21T21:49:35.231439
286,vmyhanqe@youku.com,16,33,20,53,21,13,2019-03-21T21:49:35.231441
287,bmattiacciky@hp.com,66,67,54,22,56,1,2019-03-21T21:49:35.231443
288,mworlockj1@wunderground.com,33,52,23,46,15,21,2019-03-21T21:49:35.231445
289,fraunq@baidu.com,38,39,58,45,15,2,2019-03-21T21:49:35.231447
290,pmattiussibf@webeden.co.uk,49,20,9,26,47,22,2019-03-21T21:49:35.231449
291,kraggleskz@cisco.com,1,35,69,53,7,11,2019-03-21T21:49:35.231451
292,tkoschkebg@sakura.ne.jp,32,65,37,26,14,10,2019-03-21T21:49:35.231453
293,zsvanini6s@wired.com,16,66,9,61,14,25,2019-03-21T21:49:35.231455
294,bmattiacciky@hp.com,49,50,8,58,10,6,2019-03-21T21:49:35.231461
295,fsanter1@ed.gov,32,48,3,35,5,12,2019-03-21T21:49:35.231464
296,kdallanderex@hc360.com,34,19,41,14,46,15,2019-03-21T21:49:35.231466
297,abullande@npr.org,21,26,12,13,15,14,2019-03-21T21:49:35.231468
298,hferrierioo6@about.com,64,4,37,24,15,17,2019-03-21T21:49:35.231470
299,jdriuzzib6@latimes.com,32,66,2,67,7,8,2019-03-21T21:49:35.231472
300,spetley7y@dailymail.co.uk,32,49,17,22,29,1,2019-03-21T21:49:35.231474
301,tmylechreestpa@npr.org,64,59,27,45,15,15,2019-03-21T21:49:35.231476
302,cchillcotmo@loc.gov,65,69,5,29,30,25,2019-03-21T21:49:35.231478
303,gmccurleyc8@google.it,49,40,60,44,29,11,2019-03-21T21:49:35.231480
304,betonrb@redcross.org,49,68,25,27,60,25,2019-03-21T21:49:35.231482
305,ksperwello9@google.it,64,16,23,61,63,24,2019-03-21T21:49:35.231484
306,ckaveneyco@myspace.com,2,53,39,41,63,26,2019-03-21T21:49:35.231486
307,edenzey81@mapquest.com,49,54,7,45,30,19,2019-03-21T21:49:35.231488
308,tprandinia9@1688.com,49,34,53,25,61,21,2019-03-21T21:49:35.231490
309,estripling4y@smh.com.au,16,69,53,62,30,18,2019-03-21T21:49:35.231492
310,cmolen7h@instagram.com,19,8,24,14,15,26,2019-03-21T21:49:35.231494
311,adevaux5a@squidoo.com,65,18,7,41,15,13,2019-03-21T21:49:35.231497
312,chysom2d@mail.ru,20,53,41,61,46,14,2019-03-21T21:49:35.231499
313,hrickerseyp@mapy.cz,32,50,7,59,29,21,2019-03-21T21:49:35.231504
314,mbaindz@admin.ch,64,22,56,41,47,19,2019-03-21T21:49:35.231507
315,dcalderonh7@engadget.com,49,17,51,6,30,7,2019-03-21T21:49:35.231509
316,avolker3e@ucoz.ru,17,39,57,44,31,5,2019-03-21T21:49:35.231511
317,cmolen7h@instagram.com,20,23,8,42,59,13,2019-03-21T21:49:35.231513
318,mipwell5l@blog.com,64,33,23,28,63,7,2019-03-21T21:49:35.231515
319,jiremongergf@nydailynews.com,18,36,38,25,41,18,2019-03-21T21:49:35.231517
320,cmcreynoldgp@sitemeter.com,48,56,40,59,61,19,2019-03-21T21:49:35.231519
321,slegrandef@weebly.com,2,69,40,56,10,12,2019-03-21T21:49:35.231521
322,overrelll9@sogou.com,64,48,38,55,59,16,2019-03-21T21:49:35.231525
323,sblannin7n@google.com.hk,64,2,22,7,25,7,2019-03-21T21:49:35.231527
324,bhanford1t@hc360.com,32,49,61,62,63,9,2019-03-21T21:49:35.231529
325,afenkelj5@paginegialle.it,3,7,10,27,30,8,2019-03-21T21:49:35.231531
326,lclemmensen80@slate.com,64,65,28,47,63,22,2019-03-21T21:49:35.231533
327,rllorentefw@sogou.com,34,3,37,55,44,24,2019-03-21T21:49:35.231535
328,pmattiussibf@webeden.co.uk,32,3,20,26,43,2,2019-03-21T21:49:35.231537
329,csalewayni@home.pl,64,34,67,6,43,1,2019-03-21T21:49:35.231539
330,bkestianho@surveymonkey.com,32,20,24,9,44,20,2019-03-21T21:49:35.231541
331,emcasparannj@mayoclinic.com,64,19,51,6,30,13,2019-03-21T21:49:35.231543
332,sbride3t@dion.ne.jp,3,37,23,7,60,24,2019-03-21T21:49:35.231549
333,jgreenlees8u@angelfire.com,48,21,69,6,57,1,2019-03-21T21:49:35.231551
334,lsiggerslw@foxnews.com,20,37,55,29,47,6,2019-03-21T21:49:35.231553
335,tgurleyjc@ucoz.ru,32,19,20,10,58,2,2019-03-21T21:49:35.231555
336,sdooland7z@mapquest.com,52,6,22,10,13,25,2019-03-21T21:49:35.231558
337,cnowlandom@reuters.com,49,25,41,26,45,17,2019-03-21T21:49:35.231560
338,rhuguenetgq@slashdot.org,17,69,23,61,30,9,2019-03-21T21:49:35.231562
339,rutteridgeeu@bandcamp.com,32,16,35,68,21,25,2019-03-21T21:49:35.231564
340,kpickersailoz@narod.ru,48,49,53,39,24,14,2019-03-21T21:49:35.231566
341,amacmenemy5f@bloomberg.com,51,3,58,46,63,21,2019-03-21T21:49:35.231568
342,ctabourierkc@google.com,16,22,25,13,46,20,2019-03-21T21:49:35.231570
343,gbillspy@so-net.ne.jp,64,17,33,36,7,17,2019-03-21T21:49:35.231572
344,phartmanag@123-reg.co.uk,59,11,45,13,31,1,2019-03-21T21:49:35.231574
345,pmishax@mtv.com,16,49,51,40,15,7,2019-03-21T21:49:35.231577
346,cdurkinjy@senate.gov,65,2,20,23,14,15,2019-03-21T21:49:35.231579
347,ccramer3f@ca.gov,32,65,4,43,15,4,2019-03-21T21:49:35.231581
348,lrougierm6@columbia.edu,34,39,60,28,13,5,2019-03-21T21:49:35.231583
349,vfanning7w@businessinsider.com,21,60,45,46,15,24,2019-03-21T21:49:35.231586
350,rbachelorip@amazonaws.com,65,1,39,59,47,8,2019-03-21T21:49:35.231588
351,jfaulknerfr@mashable.com,4,20,21,23,7,4,2019-03-21T21:49:35.231594
352,akernesc6@wordpress.org,48,16,35,22,61,8,2019-03-21T21:49:35.231596
353,hbeavescq@buzzfeed.com,16,17,5,43,31,9,2019-03-21T21:49:35.231598
354,zsermin8o@shop-pro.jp,65,53,6,23,61,1,2019-03-21T21:49:35.231600
355,rprandinkh@reverbnation.com,33,40,11,12,63,25,2019-03-21T21:49:35.231602
356,tobern1d@rakuten.co.jp,2,38,55,8,11,13,2019-03-21T21:49:35.231604
357,dbleezem3@craigslist.org,34,53,10,44,29,2,2019-03-21T21:49:35.231606
358,ccramer3f@ca.gov,17,3,55,26,61,1,2019-03-21T21:49:35.231609
359,lvickar2r@trellian.com,48,32,57,11,59,15,2019-03-21T21:49:35.231611
360,ktiddyi0@unc.edu,69,56,41,27,13,9,2019-03-21T21:49:35.231613
361,vduttf2@mayoclinic.com,66,20,54,56,63,4,2019-03-21T21:49:35.231615
362,hnewberryec@mediafire.com,17,5,11,12,62,4,2019-03-21T21:49:35.231617
363,rhachettep2@vk.com,32,67,53,30,31,6,2019-03-21T21:49:35.231619
364,gbiltonqm@reddit.com,52,21,58,15,47,13,2019-03-21T21:49:35.231621
365,btidbury21@narod.ru,17,35,3,43,60,6,2019-03-21T21:49:35.231623
366,zpointpz@etsy.com,65,35,6,55,41,19,2019-03-21T21:49:35.231625
367,acrosher50@squidoo.com,33,50,36,10,43,26,2019-03-21T21:49:35.231627
368,shadekenu@a8.net,50,55,7,11,12,15,2019-03-21T21:49:35.231634
369,ldinanos@phpbb.com,18,21,53,23,41,16,2019-03-21T21:49:35.231637
370,lwhittlesee7j@sogou.com,16,36,58,26,47,15,2019-03-21T21:49:35.231639
371,vcrittal2a@goodreads.com,32,19,53,55,41,24,2019-03-21T21:49:35.231641
372,csokell35@umich.edu,53,22,27,45,30,20,2019-03-21T21:49:35.231643
373,ycamseyr@printfriendly.com,16,34,50,52,44,20,2019-03-21T21:49:35.231645
374,gderle2b@si.edu,64,4,39,44,30,9,2019-03-21T21:49:35.231647
375,ccrafterk0@shop-pro.jp,18,21,43,27,60,10,2019-03-21T21:49:35.231649
376,cmuntg0@odnoklassniki.ru,64,65,50,5,58,2,2019-03-21T21:49:35.231651
377,driteleyg6@dedecms.com,16,36,21,55,60,10,2019-03-21T21:49:35.231653
378,hdeiqo@bing.com,64,55,24,26,29,8,2019-03-21T21:49:35.231659
379,cfaersmv@phoca.cz,68,54,25,43,63,1,2019-03-21T21:49:35.231661
380,lloberhr@joomla.org,1,35,11,45,29,5,2019-03-21T21:49:35.231663
381,dmacevilly27@smugmug.com,33,52,22,56,40,5,2019-03-21T21:49:35.231665
382,llautielk@nba.com,16,34,35,54,46,10,2019-03-21T21:49:35.231667
383,dpleagerm@usnews.com,1,2,4,53,41,5,2019-03-21T21:49:35.231669
384,rchaveyl5@intel.com,34,2,53,10,61,14,2019-03-21T21:49:35.231673
385,omorrieson9c@si.edu,50,37,38,9,15,13,2019-03-21T21:49:35.231675
386,rterbrugge4o@sfgate.com,17,65,19,22,27,4,2019-03-21T21:49:35.231677
387,cbarenskyg@blogs.com,16,37,56,26,62,11,2019-03-21T21:49:35.231680
388,dluquetlb@t.co,3,23,7,41,42,14,2019-03-21T21:49:35.231682
389,rbrawsonli@psu.edu,2,35,51,37,56,18,2019-03-21T21:49:35.231684
390,carbucklebj@sciencedirect.com,34,54,42,46,15,10,2019-03-21T21:49:35.231686
391,nhanratty1x@macromedia.com,3,57,42,14,46,26,2019-03-21T21:49:35.231688
392,tprallas@pen.io,24,56,12,29,47,18,2019-03-21T21:49:35.231690
393,tmylechreestpa@npr.org,65,18,19,7,57,23,2019-03-21T21:49:35.231692
394,rpaffia@illinois.edu,35,37,7,42,26,2,2019-03-21T21:49:35.231694
395,dcameratipv@clickbank.net,35,20,21,61,63,2,2019-03-21T21:49:35.231696
396,pfossordcr@trellian.com,49,17,10,11,13,5,2019-03-21T21:49:35.231698
397,daddis56@sitemeter.com,16,23,7,41,14,19,2019-03-21T21:49:35.231705
398,lsiggerslw@foxnews.com,32,52,53,61,30,12,2019-03-21T21:49:35.231710
399,srefordp6@unc.edu,48,17,38,8,43,13,2019-03-21T21:49:35.231712
400,mworlockj1@wunderground.com,17,34,68,42,11,18,2019-03-21T21:49:35.231714
401,sdooland7z@mapquest.com,65,35,68,6,31,10,2019-03-21T21:49:35.231716
402,rcunahdv@furl.net,34,42,62,46,15,16,2019-03-21T21:49:35.231718
403,rbroomer49@desdev.cn,64,66,25,42,13,24,2019-03-21T21:49:35.231720
404,sdrewett94@ifeng.com,32,50,69,8,14,18,2019-03-21T21:49:35.231722
405,strusler72@howstuffworks.com,32,50,19,68,41,5,2019-03-21T21:49:35.231725
406,blanegrange@slashdot.org,1,3,38,22,9,26,2019-03-21T21:49:35.231727
407,sdrewett94@ifeng.com,35,37,41,44,47,13,2019-03-21T21:49:35.231729
408,rbachelorip@amazonaws.com,18,36,56,28,44,9,2019-03-21T21:49:35.231731
409,mashforthme@ftc.gov,51,7,8,58,45,26,2019-03-21T21:49:35.231733
410,ecausby8a@cyberchimps.com,65,20,24,9,27,23,2019-03-21T21:49:35.231735
411,gbowerbank2z@usnews.com,36,6,55,28,60,6,2019-03-21T21:49:35.231737
412,tguerrierigh@google.cn,50,20,56,40,9,21,2019-03-21T21:49:35.231739
413,ckleszinskicj@theatlantic.com,17,20,39,40,11,12,2019-03-21T21:49:35.231741
414,lchampionro@cbsnews.com,50,68,36,37,31,20,2019-03-21T21:49:35.231743
415,lhenkensqn@cargocollective.com,2,67,52,53,7,9,2019-03-21T21:49:35.231746
416,asilbertt@wired.com,32,50,3,45,46,9,2019-03-21T21:49:35.231751
417,overrelll9@sogou.com,66,2,35,27,13,20,2019-03-21T21:49:35.231754
418,ebifordep@amazon.co.jp,33,6,24,59,45,9,2019-03-21T21:49:35.231756
419,lchampionro@cbsnews.com,19,56,9,42,44,3,2019-03-21T21:49:35.231758
420,hofiellyhj@e-recht24.de,17,26,60,62,14,22,2019-03-21T21:49:35.231760
421,tkarolczyk2v@gnu.org,32,1,66,5,43,20,2019-03-21T21:49:35.231774
422,hrenehanrd@ebay.com,64,50,9,11,62,26,2019-03-21T21:49:35.231776
423,ggoalby7r@alexa.com,2,52,25,60,30,18,2019-03-21T21:49:35.231779
424,abullande@npr.org,52,5,56,45,62,18,2019-03-21T21:49:35.231781
425,amckeon95@taobao.com,64,7,9,28,30,4,2019-03-21T21:49:35.231783
426,mstallebrassi1@myspace.com,48,65,53,22,6,9,2019-03-21T21:49:35.231785
427,fdonahue9v@tinypic.com,19,4,9,10,26,12,2019-03-21T21:49:35.231787
428,dcameratipv@clickbank.net,36,38,24,12,63,4,2019-03-21T21:49:35.231789
429,dheighway2t@cornell.edu,16,35,39,29,62,3,2019-03-21T21:49:35.231791
430,ktiddyi0@unc.edu,3,53,39,56,26,4,2019-03-21T21:49:35.231793
431,bcoronas3o@google.nl,2,6,42,28,45,17,2019-03-21T21:49:35.231796
432,tprallas@pen.io,16,32,49,54,12,12,2019-03-21T21:49:35.231798
433,gblight1f@cnbc.com,37,23,8,41,12,15,2019-03-21T21:49:35.231800
434,fhamel4p@dagondesign.com,34,51,41,29,62,18,2019-03-21T21:49:35.231807
435,mmaudlen6n@imageshack.us,67,36,6,27,62,14,2019-03-21T21:49:35.231809
436,emarch9m@typepad.com,65,1,37,41,42,24,2019-03-21T21:49:35.231811
437,pmackledenlt@parallels.com,66,7,9,41,45,20,2019-03-21T21:49:35.231813
438,pkneafseyd3@usa.gov,8,41,12,29,14,20,2019-03-21T21:49:35.231815
439,cloble1@go.com,32,52,69,55,15,23,2019-03-21T21:49:35.231817
440,gakam9i@shareasale.com,16,33,20,57,28,9,2019-03-21T21:49:35.231819
441,kryland83@posterous.com,33,38,23,30,63,20,2019-03-21T21:49:35.231821
442,dcoakley54@alibaba.com,35,21,22,59,47,9,2019-03-21T21:49:35.231823
443,tnana17@msu.edu,17,7,57,42,30,21,2019-03-21T21:49:35.231825
444,cboyenpc@fema.gov,48,50,5,6,58,3,2019-03-21T21:49:35.231827
445,nsargeaunt4r@hud.gov,49,34,52,9,43,20,2019-03-21T21:49:35.231830
446,ofomichkin7k@home.pl,2,36,37,24,45,14,2019-03-21T21:49:35.231832
447,rdulwitchrj@istockphoto.com,67,52,53,69,38,16,2019-03-21T21:49:35.231834
448,pbaxbi@github.io,2,39,40,59,27,26,2019-03-21T21:49:35.231836
449,lchampionro@cbsnews.com,65,51,36,68,12,22,2019-03-21T21:49:35.231838
450,lramsden4m@soundcloud.com,33,19,5,21,60,12,2019-03-21T21:49:35.231846
451,destickch@etsy.com,33,25,58,12,30,22,2019-03-21T21:49:35.231850
452,cdomanski5p@delicious.com,22,8,40,10,47,6,2019-03-21T21:49:35.231852
453,pivanusyev61@dailymail.co.uk,64,33,55,26,28,6,2019-03-21T21:49:35.231859
454,jgottermb@hp.com,48,66,67,35,68,23,2019-03-21T21:49:35.231862
455,dkilalearp@fema.gov,36,28,60,61,63,14,2019-03-21T21:49:35.231864
456,gkimmelcn@storify.com,34,55,45,30,46,18,2019-03-21T21:49:35.231866
457,cdomanski5p@delicious.com,33,66,28,47,63,18,2019-03-21T21:49:35.231868
458,emccleary1j@opensource.org,33,24,56,57,29,18,2019-03-21T21:49:35.231870
459,jgligorijevicld@angelfire.com,48,3,51,53,44,5,2019-03-21T21:49:35.231873
460,porrick8i@rambler.ru,64,1,20,5,40,8,2019-03-21T21:49:35.231875
461,cunsworthk6@globo.com,56,60,12,45,14,13,2019-03-21T21:49:35.231877
462,acamblin91@a8.net,36,59,13,14,31,11,2019-03-21T21:49:35.231879
463,dmacgraypi@cisco.com,33,35,21,40,62,19,2019-03-21T21:49:35.231881
464,bdidomenicofu@nhs.uk,1,17,2,39,40,23,2019-03-21T21:49:35.231883
465,mervine98@pcworld.com,18,35,68,24,40,22,2019-03-21T21:49:35.231885
466,hlockharte7@google.com.au,65,54,10,14,47,17,2019-03-21T21:49:35.231887
467,dquenellc1@typepad.com,65,51,20,7,10,13,2019-03-21T21:49:35.231889
468,ldinanos@phpbb.com,18,67,20,69,24,25,2019-03-21T21:49:35.231891
469,tpatient5k@bbc.co.uk,64,20,54,6,57,11,2019-03-21T21:49:35.231893
470,mseagehw@boston.com,1,69,37,38,55,24,2019-03-21T21:49:35.231896
471,lclemmensen80@slate.com,64,32,5,8,26,16,2019-03-21T21:49:35.231898
472,vdewberrygb@businessweek.com,66,21,40,28,14,15,2019-03-21T21:49:35.231904
473,bdovinson7e@diigo.com,65,68,13,29,63,6,2019-03-21T21:49:35.231912
474,rhachettep2@vk.com,1,4,39,55,41,25,2019-03-21T21:49:35.231915
475,egaraghann7@meetup.com,35,4,53,45,14,21,2019-03-21T21:49:35.231917
476,tgurleyjc@ucoz.ru,34,27,60,29,13,4,2019-03-21T21:49:35.231919
477,dmckeaveneygr@hud.gov,16,52,21,43,62,4,2019-03-21T21:49:35.231921
478,kwithurio@opera.com,20,57,42,43,12,1,2019-03-21T21:49:35.231923
479,tburkert55@lulu.com,1,41,29,61,63,4,2019-03-21T21:49:35.231925
480,jarnollhe@freewebs.com,65,66,51,39,24,11,2019-03-21T21:49:35.231927
481,roshaughnessy2j@ca.gov,50,20,8,25,47,8,2019-03-21T21:49:35.231929
482,scorterks@sohu.com,25,9,57,26,63,13,2019-03-21T21:49:35.231931
483,nbakeupfg@oakley.com,25,57,26,12,62,14,2019-03-21T21:49:35.231933
484,ajuszczyk4d@toplist.cz,1,50,37,28,14,13,2019-03-21T21:49:35.231935
485,bbranchflower6w@sciencedirect.com,65,67,5,22,30,1,2019-03-21T21:49:35.231938
486,lvickar2r@trellian.com,35,38,7,59,30,14,2019-03-21T21:49:35.231940
487,skainci@answers.com,48,57,45,13,47,5,2019-03-21T21:49:35.231942
488,lramsden4m@soundcloud.com,66,51,52,4,37,13,2019-03-21T21:49:35.231944
489,rhuggang5@blogspot.com,64,51,6,61,15,8,2019-03-21T21:49:35.231946
490,dcosslettla@symantec.com,1,51,42,43,44,6,2019-03-21T21:49:35.231948
491,hdeiqo@bing.com,64,17,1,59,14,9,2019-03-21T21:49:35.231954
492,ccausby9p@earthlink.net,48,52,7,42,15,12,2019-03-21T21:49:35.231956
493,hsquibbma@un.org,32,51,23,12,47,26,2019-03-21T21:49:35.231958
494,ascarsbrooke75@elegantthemes.com,2,57,13,30,15,6,2019-03-21T21:49:35.231960
495,dbeckworth8l@wsj.com,32,2,40,25,45,5,2019-03-21T21:49:35.231962
496,khoulaghanpn@nationalgeographic.com,33,53,23,59,45,9,2019-03-21T21:49:35.231964
497,clorenzinin1@nih.gov,64,3,19,21,58,21,2019-03-21T21:49:35.231967
498,ctumininiof@posterous.com,4,21,23,7,8,24,2019-03-21T21:49:35.231969
499,twilloughbyk9@amazon.de,67,36,54,55,42,22,2019-03-21T21:49:35.231971
500,cboakedg@ox.ac.uk,2,18,19,40,28,15,2019-03-22T14:49:07.356411
501,emccleary1j@opensource.org,64,20,69,38,46,16,2019-03-22T14:49:07.356430
502,akernesc6@wordpress.org,65,9,60,29,63,17,2019-03-22T14:49:07.356432
503,wgarcesm8@yale.edu,35,52,30,63,15,11,2019-03-22T14:49:07.356434
504,btrencher82@lulu.com,2,67,36,7,45,2,2019-03-22T14:49:07.356435
505,cbarenskyg@blogs.com,49,52,40,61,30,10,2019-03-22T14:49:07.356436
506,destickch@etsy.com,18,35,5,44,62,3,2019-03-22T14:49:07.356438
507,jmessernv@si.edu,20,52,4,68,45,2,2019-03-22T14:49:07.356440
508,mmaudlen6n@imageshack.us,50,4,29,30,15,11,2019-03-22T14:49:07.356441
509,lmacgeaneyh1@123-reg.co.uk,66,3,58,59,46,24,2019-03-22T14:49:07.356443
510,jsmitheramo1@deliciousdays.com,34,19,10,11,14,19,2019-03-22T14:49:07.356444
511,csokell35@umich.edu,50,54,23,40,29,8,2019-03-22T14:49:07.356454
512,khammor52@barnesandnoble.com,67,68,36,6,56,11,2019-03-22T14:49:07.356457
513,ecausby8a@cyberchimps.com,17,35,69,44,63,20,2019-03-22T14:49:07.356458
514,esiebnt@cbslocal.com,33,69,40,8,26,14,2019-03-22T14:49:07.356460
515,rfieldsendf6@storify.com,50,66,67,36,21,10,2019-03-22T14:49:07.356461
516,cshipley9d@ustream.tv,16,34,50,67,42,23,2019-03-22T14:49:07.356463
517,kryland83@posterous.com,48,54,22,41,25,6,2019-03-22T14:49:07.356464
518,smooreed71@gravatar.com,36,37,53,61,13,9,2019-03-22T14:49:07.356466
519,jcocklin4u@github.io,48,64,52,26,58,26,2019-03-22T14:49:07.356467
520,dkrzysztofiakoa@howstuffworks.com,64,55,41,61,62,2,2019-03-22T14:49:07.356469
521,jlynas77@geocities.com,65,66,18,54,30,24,2019-03-22T14:49:07.356470
522,gflottln@illinois.edu,65,49,55,40,15,23,2019-03-22T14:49:07.356472
523,aedmonson9b@printfriendly.com,50,8,25,26,12,10,2019-03-22T14:49:07.356473
524,tashmentaa@1688.com,33,17,19,23,14,26,2019-03-22T14:49:07.356474
525,zkernangc@hp.com,3,22,6,26,29,10,2019-03-22T14:49:07.356476
526,vglidderfi@redcross.org,66,53,26,27,43,7,2019-03-22T14:49:07.356477
527,dcalderonh7@engadget.com,2,69,39,59,28,11,2019-03-22T14:49:07.356478
528,nsargoodk5@gmpg.org,17,2,56,62,31,5,2019-03-22T14:49:07.356480
529,pmishax@mtv.com,24,8,41,62,47,10,2019-03-22T14:49:07.356481
530,eashmankv@canalblog.com,5,21,6,58,43,2,2019-03-22T14:49:07.356486
531,sscadefh@virginia.edu,51,37,40,59,45,12,2019-03-22T14:49:07.356488
532,poldcotemh@w3.org,64,51,57,10,47,12,2019-03-22T14:49:07.356490
533,fbattinc0@boston.com,33,55,25,27,47,16,2019-03-22T14:49:07.356491
534,kwagenennc@virginia.edu,1,51,37,42,31,4,2019-03-22T14:49:07.356492
535,oschopsmr@sourceforge.net,18,21,41,42,62,11,2019-03-22T14:49:07.356494
536,arikelft@chicagotribune.com,17,2,52,4,11,20,2019-03-22T14:49:07.356495
537,jlynas77@geocities.com,34,68,37,41,58,17,2019-03-22T14:49:07.356497
538,jcocklin4u@github.io,32,65,33,2,51,11,2019-03-22T14:49:07.356498
539,hbelliveauh6@digg.com,17,66,4,56,26,10,2019-03-22T14:49:07.356499
540,adaldannm@earthlink.net,33,17,65,18,12,12,2019-03-22T14:49:07.356501
541,omoorcroftmd@house.gov,34,7,56,11,13,18,2019-03-22T14:49:07.356502
542,etolwoodfn@indiegogo.com,16,19,56,58,31,16,2019-03-22T14:49:07.356504
543,schenehh@intel.com,48,18,7,10,63,6,2019-03-22T14:49:07.356505
544,jsmitheramo1@deliciousdays.com,68,12,13,30,47,3,2019-03-22T14:49:07.356507
545,apenritheq@wiley.com,32,1,20,22,27,24,2019-03-22T14:49:07.356508
546,aradbone6c@accuweather.com,18,4,43,12,45,4,2019-03-22T14:49:07.356510
547,wdunneql@4shared.com,49,50,3,39,12,16,2019-03-22T14:49:07.356511
548,spetley7y@dailymail.co.uk,48,4,20,13,63,14,2019-03-22T14:49:07.356512
549,ssavil2n@shinystat.com,6,24,43,13,62,19,2019-03-22T14:49:07.356517
550,clelievrehy@pcworld.com,16,50,3,38,58,22,2019-03-22T14:49:07.356519
551,hescalaqq@behance.net,3,19,23,42,44,10,2019-03-22T14:49:07.356521
552,gseneschalre@mit.edu,66,51,8,41,14,8,2019-03-22T14:49:07.356522
553,drusk1k@ft.com,1,20,37,56,63,12,2019-03-22T14:49:07.356527
554,akleinsternnk@marketwatch.com,2,66,59,43,13,18,2019-03-22T14:49:07.356529
555,rbownesso8@vimeo.com,68,7,56,9,12,22,2019-03-22T14:49:07.356531
556,ejonin9s@histats.com,64,69,40,44,14,17,2019-03-22T14:49:07.356532
557,gfranzewitchjk@jimdo.com,49,66,42,60,13,24,2019-03-22T14:49:07.356533
558,gscotlandol@mlb.com,18,52,20,53,63,3,2019-03-22T14:49:07.356535
559,rhuggang5@blogspot.com,35,21,56,61,14,21,2019-03-22T14:49:07.356536
560,gflottln@illinois.edu,64,18,13,14,15,23,2019-03-22T14:49:07.356538
561,sbrandomab@npr.org,5,55,24,8,11,21,2019-03-22T14:49:07.356540
562,mlokerew@dot.gov,53,6,24,44,46,10,2019-03-22T14:49:07.356541
563,ndominguesdy@intel.com,19,67,58,43,59,21,2019-03-22T14:49:07.356542
564,cpettus5g@disqus.com,68,4,37,42,47,10,2019-03-22T14:49:07.356547
565,gseagrovehs@vkontakte.ru,19,54,55,9,57,14,2019-03-22T14:49:07.356549
566,tprallas@pen.io,17,33,7,10,62,7,2019-03-22T14:49:07.356550
567,arikelft@chicagotribune.com,64,52,6,38,7,17,2019-03-22T14:49:07.356562
568,crohlfing32@mozilla.org,18,36,55,24,12,22,2019-03-22T14:49:07.356579
569,tfordydm@phoca.cz,2,68,38,24,13,10,2019-03-22T14:49:07.356581
570,mwilloughwayr3@un.org,48,49,22,24,9,19,2019-03-22T14:49:07.356582
571,glezemere7p@prweb.com,32,43,29,30,31,11,2019-03-22T14:49:07.356584
572,hbrandenbergr5@shareasale.com,49,50,68,61,15,3,2019-03-22T14:49:07.356589
573,clelievrehy@pcworld.com,36,27,61,30,47,2,2019-03-22T14:49:07.356591
574,mshulem43@twitter.com,34,5,37,41,42,15,2019-03-22T14:49:07.356592
575,kswateee@elegantthemes.com,18,2,36,27,61,11,2019-03-22T14:49:07.356593
576,cnowlandom@reuters.com,32,7,40,12,15,7,2019-03-22T14:49:07.356595
577,fwheelikerpq@kickstarter.com,5,56,40,57,26,26,2019-03-22T14:49:07.356596
578,bneelyoh@fastcompany.com,36,21,9,11,63,5,2019-03-22T14:49:07.356598
579,pegdale51@shutterfly.com,66,2,21,6,44,21,2019-03-22T14:49:07.356599
580,rmcinnes79@ycombinator.com,21,53,23,8,25,4,2019-03-22T14:49:07.356600
581,aradbone6c@accuweather.com,34,36,53,6,25,11,2019-03-22T14:49:07.356602
582,gmawmanki@slate.com,48,1,67,8,10,8,2019-03-22T14:49:07.356603
583,bjaukoviccc@springer.com,32,20,6,25,44,26,2019-03-22T14:49:07.356605
584,mcolumpl@prlog.org,64,49,52,42,15,20,2019-03-22T14:49:07.356606
585,tashmentaa@1688.com,21,37,7,15,47,2,2019-03-22T14:49:07.356608
586,mtrubshaweff@ca.gov,16,24,41,60,47,21,2019-03-22T14:49:07.356609
587,hparbrookf@networkadvertising.org,33,2,50,51,55,10,2019-03-22T14:49:07.356611
588,wrosbrough3p@digg.com,48,18,55,7,8,7,2019-03-22T14:49:07.356614
589,cunsworthk6@globo.com,54,43,12,28,14,18,2019-03-22T14:49:07.356616
590,pgingoldk@bloomberg.com,66,7,43,14,31,16,2019-03-22T14:49:07.356617
591,mashforthme@ftc.gov,17,19,36,55,31,11,2019-03-22T14:49:07.356622
592,dgorryj2@spiegel.de,65,17,66,10,62,20,2019-03-22T14:49:07.356624
593,rkoenep8@ibm.com,64,4,26,10,46,20,2019-03-22T14:49:07.356625
594,dbeckworth8l@wsj.com,2,35,67,7,9,17,2019-03-22T14:49:07.356627
595,ialawayin@ibm.com,34,35,69,42,59,4,2019-03-22T14:49:07.356628
596,ctrain70@ed.gov,21,9,27,60,63,4,2019-03-22T14:49:07.356629
597,dpaffleylf@csmonitor.com,6,9,25,59,62,8,2019-03-22T14:49:07.356631
598,jpetken9x@pbs.org,66,20,22,25,62,23,2019-03-22T14:49:07.356632
599,omorrieson9c@si.edu,49,1,20,26,15,10,2019-03-22T14:49:07.356634
600,omccarrick3x@lycos.com,32,64,6,43,14,16,2019-03-22T14:49:07.356646
601,dquenellc1@typepad.com,66,40,57,59,63,21,2019-03-22T14:49:07.356648
602,rbulfieldbd@behance.net,48,7,42,59,13,23,2019-03-22T14:49:07.356649
603,wcharteq2@eventbrite.com,9,42,11,12,44,5,2019-03-22T14:49:07.356651
604,akleinsternnk@marketwatch.com,22,55,42,13,46,5,2019-03-22T14:49:07.356652
605,tdelucei@purevolume.com,34,4,44,29,15,26,2019-03-22T14:49:07.356653
606,cswatheridgenq@people.com.cn,33,50,19,24,42,18,2019-03-22T14:49:07.356655
607,ghaycraft15@bing.com,2,52,5,38,28,17,2019-03-22T14:49:07.356656
608,sellitrn@google.pl,2,19,52,45,30,5,2019-03-22T14:49:07.356658
609,scorterks@sohu.com,52,58,28,61,62,26,2019-03-22T14:49:07.356659
610,lmellerqj@lycos.com,50,36,20,41,13,3,2019-03-22T14:49:07.356664
611,mlokerew@dot.gov,21,37,39,23,8,13,2019-03-22T14:49:07.356666
612,srefordp6@unc.edu,2,3,8,25,45,15,2019-03-22T14:49:07.356667
613,rmattissoncu@phoca.cz,18,53,8,29,15,9,2019-03-22T14:49:07.356668
614,acamblin91@a8.net,1,66,19,20,60,21,2019-03-22T14:49:07.356670
615,ndeveraux3l@last.fm,51,7,39,15,31,20,2019-03-22T14:49:07.356671
616,mhanssmann6t@squarespace.com,33,19,20,24,11,1,2019-03-22T14:49:07.356673
617,vmyhanqe@youku.com,32,34,52,25,27,23,2019-03-22T14:49:07.356674
618,sartistao@wiley.com,38,9,10,27,45,26,2019-03-22T14:49:07.356675
619,dcollieje@umich.edu,1,34,37,11,31,6,2019-03-22T14:49:07.356677
620,ublouetgk@topsy.com,68,22,42,29,14,3,2019-03-22T14:49:07.356678
621,spritchardiy@about.me,36,69,55,40,13,19,2019-03-22T14:49:07.356680
622,jiremongergf@nydailynews.com,33,35,52,23,27,14,2019-03-22T14:49:07.356681
623,jbruyet5n@disqus.com,68,69,8,59,62,4,2019-03-22T14:49:07.356683
624,arikelft@chicagotribune.com,16,37,22,42,47,20,2019-03-22T14:49:07.356684
625,ckos6v@studiopress.com,16,49,3,38,7,1,2019-03-22T14:49:07.356685
626,rprandinkh@reverbnation.com,17,36,5,28,47,2,2019-03-22T14:49:07.356687
627,pgartelle4@bigcartel.com,64,21,38,41,44,15,2019-03-22T14:49:07.356689
628,cjillinsmq@webs.com,17,67,5,58,29,11,2019-03-22T14:49:07.356690
629,mhanssmann6t@squarespace.com,58,27,12,61,30,15,2019-03-22T14:49:07.356695
630,dwhitesela0@geocities.jp,32,33,19,4,59,8,2019-03-22T14:49:07.356696
631,lridgesc4@tiny.cc,35,68,24,11,28,15,2019-03-22T14:49:07.356698
632,hpalphreyman9u@is.gd,17,51,6,55,29,14,2019-03-22T14:49:07.356699
633,vvandrill18@chicagotribune.com,33,66,21,10,12,8,2019-03-22T14:49:07.356700
634,aedmonson9b@printfriendly.com,1,51,22,56,47,26,2019-03-22T14:49:07.356702
635,ctabourierkc@google.com,67,40,56,41,59,5,2019-03-22T14:49:07.356703
636,scorterks@sohu.com,32,16,18,37,25,4,2019-03-22T14:49:07.356704
637,tbugg53@zdnet.com,33,3,23,8,57,6,2019-03-22T14:49:07.356706
638,bbatrim1b@theglobeandmail.com,6,8,24,58,28,21,2019-03-22T14:49:07.356707
639,faxcel4a@barnesandnoble.com,48,52,8,41,26,25,2019-03-22T14:49:07.356708
640,jbruyet5n@disqus.com,3,7,8,60,63,12,2019-03-22T14:49:07.356710
641,dtetley6m@dropbox.com,52,6,42,43,46,9,2019-03-22T14:49:07.356711
642,crohlfing32@mozilla.org,1,51,68,55,63,23,2019-03-22T14:49:07.356713
643,ksperwello9@google.it,32,53,6,10,59,11,2019-03-22T14:49:07.356714
644,mpaolopk@51.la,4,37,55,8,27,2,2019-03-22T14:49:07.356715
645,mjedrzejczake9@naver.com,50,51,25,28,47,6,2019-03-22T14:49:07.356716
646,dbottrell7x@illinois.edu,16,4,59,12,61,20,2019-03-22T14:49:07.356718
647,thuntingtonnp@comcast.net,51,43,29,13,14,5,2019-03-22T14:49:07.356719
648,jcunio5s@instagram.com,33,3,36,22,62,8,2019-03-22T14:49:07.356724
649,swhiteway68@google.com.au,65,18,22,14,47,13,2019-03-22T14:49:07.356725
650,tprallas@pen.io,32,21,60,12,14,22,2019-03-22T14:49:07.356727
651,dbreston3w@adobe.com,32,50,51,5,56,23,2019-03-22T14:49:07.356728
652,cstobbsmx@spiegel.de,4,53,41,59,62,18,2019-03-22T14:49:07.356729
653,hbrandenbergr5@shareasale.com,32,55,23,58,61,2,2019-03-22T14:49:07.356731
654,jmctiernancs@admin.ch,51,37,43,61,47,5,2019-03-22T14:49:07.356732
655,mlomis28@diigo.com,17,2,50,20,24,17,2019-03-22T14:49:07.356733
656,qbraddonr6@google.com.br,21,54,55,43,61,26,2019-03-22T14:49:07.356735
657,llepage6x@taobao.com,3,21,38,10,15,12,2019-03-22T14:49:07.356736
658,ccrafterk0@shop-pro.jp,36,52,21,53,15,19,2019-03-22T14:49:07.356738
659,hrenehanrd@ebay.com,21,22,44,46,63,9,2019-03-22T14:49:07.356739
660,jmaffezzoli9g@dagondesign.com,17,36,21,11,15,19,2019-03-22T14:49:07.356740
661,rmorecombecb@posterous.com,66,22,43,29,63,3,2019-03-22T14:49:07.356741
662,llepage6x@taobao.com,64,20,21,30,31,4,2019-03-22T14:49:07.356743
663,ccrafterk0@shop-pro.jp,35,68,11,31,15,5,2019-03-22T14:49:07.356744
664,nwhatleydl@reddit.com,52,69,8,27,60,26,2019-03-22T14:49:07.356745
665,jgreenlees8u@angelfire.com,16,67,69,37,39,19,2019-03-22T14:49:07.356747
666,pquarriegl@prlog.org,65,20,10,43,62,4,2019-03-22T14:49:07.356748
667,bswalteridgeav@wsj.com,33,49,35,55,47,2,2019-03-22T14:49:07.356753
668,ktiddyi0@unc.edu,64,33,50,40,13,11,2019-03-22T14:49:07.356754
669,nsheringtonrc@google.ca,16,35,5,54,45,10,2019-03-22T14:49:07.356756
670,lrideqb@barnesandnoble.com,18,4,11,12,30,2,2019-03-22T14:49:07.356757
671,mbygrovef7@a8.net,3,69,40,43,47,15,2019-03-22T14:49:07.356758
672,mlouca7l@disqus.com,1,23,9,41,14,14,2019-03-22T14:49:07.356760
673,rekinsqh@shinystat.com,19,20,52,23,45,15,2019-03-22T14:49:07.356761
674,dgabitisb2@xrea.com,1,51,20,68,42,21,2019-03-22T14:49:07.356762
675,trosininn@uol.com.br,48,53,42,44,15,8,2019-03-22T14:49:07.356763
676,gblight1f@cnbc.com,18,21,11,12,14,1,2019-03-22T14:49:07.356765
677,kboutelldu@google.es,32,38,58,13,30,10,2019-03-22T14:49:07.356766
678,lchampionro@cbsnews.com,51,22,55,24,30,25,2019-03-22T14:49:07.356767
679,msmallsmanjv@ca.gov,4,68,6,60,61,23,2019-03-22T14:49:07.356769
680,nstanyforthqw@blogger.com,35,69,21,23,12,17,2019-03-22T14:49:07.356770
681,cseakinc@imgur.com,66,5,6,8,63,20,2019-03-22T14:49:07.356771
682,hbosnell9t@typepad.com,33,34,38,39,9,2,2019-03-22T14:49:07.356773
683,bstoite5d@cornell.edu,50,35,68,36,60,24,2019-03-22T14:49:07.356774
684,llepage6x@taobao.com,64,65,2,53,28,14,2019-03-22T14:49:07.356775
685,jcrumpe45@artisteer.com,1,39,56,10,14,3,2019-03-22T14:49:07.356777
686,ibelisonjp@arizona.edu,17,50,37,58,46,3,2019-03-22T14:49:07.356781
687,cmuntg0@odnoklassniki.ru,35,26,44,30,31,11,2019-03-22T14:49:07.356783
688,pfossordcr@trellian.com,66,19,53,5,59,2,2019-03-22T14:49:07.356784
689,kswateee@elegantthemes.com,48,18,22,24,9,7,2019-03-22T14:49:07.356785
690,epolotti7i@pbs.org,32,3,52,53,31,19,2019-03-22T14:49:07.356787
691,egaraghann7@meetup.com,65,53,55,56,42,21,2019-03-22T14:49:07.356788
692,lsnailham8e@csmonitor.com,68,4,56,42,46,14,2019-03-22T14:49:07.356794
693,avasiljevicfs@cargocollective.com,52,69,21,24,43,2,2019-03-22T14:49:07.356796
694,mthaine5v@taobao.com,33,53,22,44,45,25,2019-03-22T14:49:07.356809
695,cgariffcp@blogtalkradio.com,66,50,36,27,44,25,2019-03-22T14:49:07.356811
696,cnowlandom@reuters.com,64,19,5,39,11,19,2019-03-22T14:49:07.356812
697,ischimonek3g@prweb.com,17,33,66,7,40,2,2019-03-22T14:49:07.356813
698,lstartec7@addthis.com,3,6,8,12,61,19,2019-03-22T14:49:07.356815
699,mchadwyck1a@stumbleupon.com,34,39,11,44,12,3,2019-03-22T14:49:07.356816
